precision:	0.666666666666667	0.595238095238095	0.666666666666667	0.702380952380952	0.676190476190476	0.674603174603175	0.63265306122449	0.630952380952381	0.634920634920635	0.628571428571428	0.61038961038961	0.591269841269841	0.578754578754579	0.571428571428571	0.571428571428571	0.568452380952381	

MAP:	0.473486661090527

NDCG:	0.507936507936508	0.484126984126984	0.531708822731772	0.555796054269921	0.542773137306525	0.536122961065362	0.524462718141506	0.521997664514722	0.523412168892484	0.521909043069196	0.51307886610523	0.505965118173179	0.501781392816717	0.501176701588458	0.499548741528892	0.500387465914233	

