precision:	0.619047619047619	0.595238095238095	0.634920634920635	0.630952380952381	0.657142857142857	0.642857142857143	0.619047619047619	0.583333333333333	0.587301587301587	0.571428571428571	0.584415584415584	0.579365079365079	0.571428571428572	0.551020408163265	0.536507936507936	0.535714285714286	

MAP:	0.46317390617886

NDCG:	0.492063492063492	0.452380952380952	0.469510414278676	0.468042327370829	0.480985941153999	0.467459762347795	0.461187028063966	0.450918176997162	0.460879779804775	0.45568709598098	0.460494289354916	0.459100624565867	0.459867720715026	0.452686480641076	0.446806820164883	0.44733449456311	

